6.910540209899724 0.0 7.239531344160047 7.473151431926068 6.549388831260124 5.261570404610775 8.394254479019194 5.327084109581538 10.511648901095414 
7.874677945721964 5.753297334748516 6.817470993971621 7.357934553381592 8.154252257108418 7.256542497123766 9.625983285382489 6.825964718788503 10.026371162718153 
8.503317190219102 5.523809110570136 8.42912567107401 9.250633018305885 10.26299273080213 8.657362272771183 11.338442797769783 8.805116991747807 12.735865978855779 
9.127048591078783 6.042593537883785 8.26207342404563 9.105044516296461 7.7092243806146 9.131356008838102 11.681732546900944 7.246071503707558 11.691745798721483 
7.597333545925545 5.036706073308653 9.424127532846182 10.860478015367967 9.199905672508041 7.345109116072227 10.687880664208265 9.24845831317123 9.378972919992012 
8.674124331960781 5.592876742771125 9.234662663353356 11.191007135950297 8.985868830477598 7.185362013331085 10.475969909114996 7.0879376579755 10.336530332967262 
10.124242720588397 6.328044586091309 11.296665968981532 10.900363151772503 10.305121121533938 7.689593989088141 10.155887507618457 7.704685785465423 9.747925935602323 
10.532538393416443 8.817432976459337 10.905190114375158 10.46212168298958 9.970056113468335 6.520311259027651 10.585466617340447 7.841074363168241 9.488730415924659 
8.611857557058137 5.34929518281941 8.39272204181098 8.597851702318879 7.0442248370381275 6.307562884332124 10.011341077084408 7.725650634147059 9.150342751729612 
9.360043163874026 6.686351729404952 9.166119011555002 9.321023849798605 9.395493739448959 9.503472392304527 10.556256745339336 10.088896519867255 10.94372766061754 
6.510370316027072 5.3946778491944105 9.648965138440758 11.239035675864347 7.731163120675123 6.577858262304376 10.549310323658112 8.58591121456113 7.887147366116551 
8.103354223033099 5.963189270992738 7.423735564946068 7.032181989546079 7.417674028046364 6.60167772359672 7.987623888792043 6.610234891566673 8.037528465507084 
9.764335296948591 5.12275847464863 5.292665956758081 6.485069079759119 8.4314115016955 5.677226853890317 9.403234716434412 6.442482790217311 9.80596998867172 
